[gd_scene load_steps=4 format=3 uid="uid://bdbiu2lgjvrof"]

[ext_resource type="Script" path="res://scripts/ship-editor/EditorModule.cs" id="1_7w383"]
[ext_resource type="PackedScene" uid="uid://nw3g7nsc5l6" path="res://assets/modules/simpleTriangle/simpleTriangle.tscn" id="1_l4y58"]

[sub_resource type="BoxShape3D" id="BoxShape3D_ysoko"]
size = Vector3(1, 1, 0.5)

[node name="SimpleTriangle-editor" type="Node3D"]
script = ExtResource("1_7w383")

[node name="simpleTriangle" parent="." instance=ExtResource("1_l4y58")]
collision_layer = 2
collision_mask = 2
gravity_scale = 0.0
max_contacts_reported = 1

[node name="Snaps" type="Area3D" parent="simpleTriangle"]

[node name="Snap1" type="CollisionShape3D" parent="simpleTriangle/Snaps"]
transform = Transform3D(1, 0, 0, 0, 1, 0, 0, 0, 1, 0, 0, -0.75)
shape = SubResource("BoxShape3D_ysoko")

[node name="Anchor" type="Node3D" parent="simpleTriangle/Snaps/Snap1"]
transform = Transform3D(1, 0, 0, 0, 1, 0, 0, 0, 1, 0, 0, 0.25)

[node name="Snap2" type="CollisionShape3D" parent="simpleTriangle/Snaps"]
transform = Transform3D(-0.5, 0, 0.866025, 0, 1, 0, -0.866025, 0, -0.5, -0.65, 0, 0.375)
shape = SubResource("BoxShape3D_ysoko")

[node name="Anchor" type="Node3D" parent="simpleTriangle/Snaps/Snap2"]
transform = Transform3D(-0.5, 0, -0.866025, 0, 1, 0, 0.866025, 0, -0.5, 0, 0, 0.25)

[node name="Snap3" type="CollisionShape3D" parent="simpleTriangle/Snaps"]
transform = Transform3D(-0.5, 0, -0.866025, 0, 1, 0, 0.866025, 0, -0.5, 0.65, 0, 0.375)
shape = SubResource("BoxShape3D_ysoko")

[node name="Anchor" type="Node3D" parent="simpleTriangle/Snaps/Snap3"]
transform = Transform3D(-0.5, 0, 0.866025, 0, 1, 0, -0.866025, 0, -0.5, 0, 0, 0.25)

[connection signal="mouse_entered" from="simpleTriangle" to="." method="OnMouseEnter"]
[connection signal="mouse_exited" from="simpleTriangle" to="." method="OnMouseExit"]
[connection signal="body_shape_entered" from="simpleTriangle/Snaps" to="." method="OnSnapCollisionEnter"]
[connection signal="body_shape_exited" from="simpleTriangle/Snaps" to="." method="OnSnapCollisionExit"]
[connection signal="mouse_entered" from="simpleTriangle/Snaps" to="." method="OnMouseEnter"]
